Precision:  0.9443037974683545
Recall:  0.9325
Accuracy:  0.93875
F1 Measure:  0.938364779874214